-2.38623 -0.804877 -2.12404 -0.353461 0.547313 1.53471 -3.43495 0.912514 -0.485407 -2.81319 -2.81541 -1.55781 1.60563 1.55011 -1.58806 -0.725976 
1.30502 -0.635431 -0.845858 1.68857 -1.97241 -1.75962 -3.29773 -5.11413 -1.17275 -0.387177 -3.84783 1.43327 1.89489 2.47934 -1.85291 0.812637 
-0.941744 0.392093 -2.8766 -1.12471 -1.50611 -1.31577 -0.887408 0.318642 -1.34969 0.629827 -1.35682 -1.96225 -0.403048 -0.510434 -0.303524 1.93806 
-1.10537 2.66835 -4.45384 -2.6177 -0.719466 -0.214409 -0.585728 -2.10963 -0.807261 -2.20987 -1.25008 -2.07548 1.65913 0.980985 -2.23148 0.908291 
-1.42798 -2.38599 -2.1884 -2.2814 1.19951 2.36179 2.87173 -1.81442 1.91664 -2.33243 -0.746014 -1.75877 -0.355584 -2.11967 1.89392 -2.68033 
-0.289718 -2.7309 -0.757193 -1.29458 -0.219519 -3.40267 -1.37324 -0.990577 1.1097 1.0572 0.392671 -1.43959 -2.75809 -1.33224 1.54529 -0.751529 
-2.66379 -1.93153 -2.22876 -1.02045 1.35914 1.02821 -1.84175 -0.687259 0.158663 -1.84903 -1.24138 -1.30259 1.21987 1.87939 -0.733852 -1.77254 
2.27492 -0.755254 -1.11632 -0.957368 0.482524 -3.21444 -0.883153 -2.16314 -0.676412 1.75358 -0.473754 -2.11196 -0.57061 -2.39558 0.129823 -2.6356 
-0.516438 -1.75717 -0.517513 -0.868837 0.739751 0.666017 0.507922 -0.750163 0.716843 -1.46906 0.41252 0.0813597 -0.768331 -2.59954 0.936767 -1.99058 
-2.42091 -3.37197 1.51602 -1.1197 -2.3279 -2.45394 -1.53953 3.24835 -4.8529 -2.20324 1.01227 -2.98696 -1.16981 1.09825 2.2411 2.10091 
-2.39692 -3.37542 1.57099 -1.03263 -2.08265 -1.3321 -0.254331 1.22899 0.744636 -0.500324 1.93065 0.228974 -2.02752 -0.0584608 2.20216 -0.988186 
0.0913708 0.178116 -0.914358 0.177137 -1.60429 0.232465 -0.192119 -1.09796 -0.710443 -0.820112 -1.12168 1.35297 0.436177 -1.12516 -3.34039 -0.0266483 
1.56994 1.08527 -1.59885 1.94016 2.43331 -3.25468 1.2335 -1.86588 -4.15843 -1.33515 -2.17448 -2.3342 0.696919 -2.41352 -2.77734 -3.07777 
0.777028 2.30261 -1.23137 -2.02289 -2.91641 -1.36918 1.58544 -0.946961 -0.899729 0.87422 1.67488 -1.47999 -1.8904 -2.63308 -1.34245 1.25674 
-0.99709 -0.991839 -0.415853 -0.0688911 -0.816265 0.507791 -0.379506 -1.13783 -0.0469696 -1.49954 -0.477964 1.96264 -0.184925 -2.05465 -2.08282 -1.6264 
-1.6677 -0.100768 1.73081 0.389553 -2.37086 -3.08234 -1.79289 -0.699088 -1.07281 3.39058 -1.64071 -3.10944 -2.84499 0.484779 -0.613206 1.23048 
